%YAML:1.0
---
K: !!opencv-matrix
   rows: 3
   cols: 3
   dt: d
   data: [ 915.37827291915278, 0., 659.73419162630978, 0.,
       917.65710000128979, 429.47301604318938, 0., 0., 1. ]
D: !!opencv-matrix
   rows: 1
   cols: 5
   dt: d
   data: [ 0.029120558080699507, -0.076424564040754886,
       -0.0002715601692342559, 0.0033989274233248582, -2.395953959384042 ]
